44440
89935
43917
41466
1227
55770
1225
44434
44434
85166
30195
69720
61592
24387
48758
1987
49203
30056
37902
198809
44594
34690
35652
2980
3508
30097
31152
313423
39519
3172
30103
4799
30194
30096
3224
6770
28492
41968
3092
1186
312517
39789
23957
24006
22346
93328
89835
90552
36108
3463
1200
34613
1224
92154
1986
48738
66178
77124
86262
35665
30539
21953
1985
117
53661
92952
24400
45004
87297
94838
20225
82457
4132
1242
82839
85745
33586
75309
16665
110
25739
57944
33584
326339
35651
1976
15625
3591
85271
155638
23986
90319
318225
48560
45315
19807
7811
24382
53225
37549
11648
55997
4307
18129
316549
41473
20277
22102
21742
14795
64827
31019
7776
4627
93771
69717
17828
33585
20132
20301
34703
14687
1429
20583
3280
38647
41472
53146
31309
86732
13534
50241
45964
339216
1197
57130
271152
22475
68035
10505
48902
266
33274
62418
79518
274163
92607
19596
90856
84801
237166
44591
685
76677
21717
89000
1979
28439
7486
361683
3746
43469
19247
353759
31032
34694
76545
2984
38292
91184
19592
37908
31034
3910
23956
70876
48566
70728
55803
3170
316636
82126
86710
56169
7278
53014
34693
88177
2981
30144
7332
33582
30059
22632
324188
63176
28494
16667
6773
51974
80713
37924
12244
315009
121857
327567
17059
4233
4181
169035
217411
22649
44595
41476
3044
374753
94689
220749
92689
53643
38914
7623
91754
49197
44304
3086
90446
