50695
60632
30162
63857
63859
53191
42217
35657
81407
93880
64418
53174
20564
285
23717
94863
20575
88549
67099
83498
74164
89637
3386
96821
50992
53178
7468
76814
57685
88463
52955
61420
53189
1306
89255
59375
69740
20613
78090
86877
82790
90944
19566
91387
42722
57278
2065
5406
50946
19363
60656
61852
78633
90398
19802
53778
56807
83745
20582
67447
34778
82999
13637
9814
67144
55388
78185
60502
70072
332116
53227
58813
311092
58863
7419
50126
62227
68097
88341
42195
87215
90036
81246
3277
42796
18046
8893
20626
21282
60745
88675
48511
89015
55808
69467
58317
21473
309987
86734
60634
86979
85569
90763
42215
67445
7150
58388
57709
92098
85411
75012
82715
321646
68036
50599
4652
89929
51319
206538
68135
1315
91388
88165
66878
55407
19441
53244
92264
39530
3627
87161
25501
23640
64495
19595
37923
68399
91850
5099
85782
92170
56008
86149
53074
87230
63920
70951
82997
21724
53285
13629
87371
86890
89257
20556
20021
350836
309507
74312
52521
83345
25446
74946
87795
85051
14219
59018
313528
7735
86736
89212
86875
71435
48785
15610
311695
5079
15160
86109
50181
67707
87234
2431
79435
89438
60033
90306
66184
89452
55621
44566
22640
39795
67768
20546
13056
319711
60629
316739
2985
85041
87353
53909
99116
63065
90824
36253
339331
53658
71198
49572
32559
70309
93303
77891
82718
64153
91845
91085
48340
90389
69223
89459
77294
117533
119512
57391
321539
309392
342151
89324
15001
87302
310863
80172
3715
64576
64898
1323
85455
91094
57691
44272
88638
2153
83846
37579
20860
94195
67013
51202
50513
323412
3601
350142
58270
49536
25500
87151
60747
60695
59062
7598
70710
87187
64450
33682
68221
144029
81379
274512
2026
51306
68339
47084
16738
3128
69533
89928
50422
36119
54769
1401
91935
314301
63722
317935
31243
74848
71429
64559
5897
1983
70310
64041
78213
64196
95031
317304
91091
47027
42216
77976
63752
61788
91499
1275
75104
94672
91950
89209
53492
70599
68978
60596
62243
61984
21126
55717
84129
57970
87979
20078
87390
13931
6858
89263
323402
79338
60620
89797
36112
70707
7550
74132
321262
92829
90021
60601
13297
95564
49219
77178
71197
60049
49589
26098
68745
59775
57680
58264
52828
14721
51271
31364
89579
89330
3169
83230
79413
90431
352810
92061
60171
83472
30834
22149
91886
99091
50291
92951
83677
77205
89423
72805
322798
23399
93844
93674
86999
79634
49266
87526
3018
92376
58231
46144
42077
84909
77742
21062
79600
82683
57744
47780
19488
276354
53776
317522
50484
86783
89445
49816
83656
44592
20655
321685
59538
83261
50189
74828
201986
66100
94627
74722
88153
5080
321118
77489
314563
91050
53555
231551
42214
90354
59525
58816
308865
38433
22094
21275
19853
4267
87197
57738
12945
89973
80423
96968
321180
67866
55593
34627
75149
62526
78559
73948
285847
6881
322659
82617
50942
50923
89108
69165
38342
93130
5838
49770
92656
11084
90053
349602
61002
60674
60546
74056
323758
60212
59734
313558
51015
48761
15324
65973
52769
72802
67665
58111
7105
90171
344836
57191
39753
89394
67762
89804
91416
42063
67598
66886
58502
9696
325101
80222
274319
92851
66682
55194
94714
76826
94526
89732
89830
87292
93291
287984
94824
82789
79154
345111
341521
87189
90141
108567
79175
59639
54982
50026
2878
23461
68182
50094
83602
44578
41036
82463
74421
63963
92016
53363
50099
64548
53630
49316
61856
91503
88307
87142
50048
90320
92284
59119
48668
36480
67546
13708
86935
307694
90265
322443
65229
96736
328190
30341
95485
58721
84021
79464
335613
59506
53152
22238
89812
62223
325309
310961
92091
53155
312241
82549
198924
92324
47064
54689
52476
321183
228094
68144
58288
49976
81487
78116
320776
68038
87216
95891
22211
58957
76620
58862
336031
91856
89174
81147
287701
87954
91526
64666
170210
79448
30898
88115
25982
19844
319354
67313
92714
315184
60767
55420
45029
79476
313882
91517
51167
74451
92045
29669
87209
90364
81255
76815
75930
379871
49127
63990
308227
89305
7738
94966
87451
64484
60762
49823
86037
90861
36519
77166
314444
95449
124397
49588
21151
88650
55274
53057
89178
92244
49318
69578
15548
15402
53186
89583
339895
62666
60885
78975
63122
83370
89326
75938
70784
68008
59205
79450
79089
73001
91801
318746
359418
308328
64877
308435
38966
87882
36907
91146
89723
76843
68802
50968
69527
87226
87548
79529
25311
70468
87476
325829
85783
79103
368777
69458
58233
52470
92763
49815
77104
274423
91072
57892
42076
90365
333936
3144
339680
75226
74450
71763
90406
379503
94096
77653
7708
92229
74140
324916
93609
90623
80258
19380
95080
77882
65486
62232
58223
52356
49821
49101
47162
78504
30946
21458
62231
57907
151257
76565
130835
67755
60856
59281
290242
94772
62053
92315
53975
42729
75351
68821
62085
62068
49486
93388
67230
205979
66712
57282
91714
79507
76901
92073
89755
74300
95319
62638
62239
43232
56389
90067
91939
20862
71294
7918
89073
83675
113245
89724
74824
71364
4474
93898
63303
55641
91455
308294
40101
74308
42163
3129
68242
41245
90819
313569
94687
95839
97088
58361
55861
93219
83562
90780
67981
373690
95712
74141
70687
248295
328664
64207
68173
57077
53190
321318
78996
311120
93060
337951
88812
52313
332681
80371
318605
83817
34091
116308
66588
196262
3423
328299
81431
80176
317622
77582
76977
373731
71842
310371
205020
57966
91790
113153
349887
90806
90510
67817
89788
67743
87452
55040
251705
317158
94957
62002
60048
297582
92198
311086
92346
25513
23198
91282
49932
321011
242607
326711
50263
42179
80149
78407
221626
69161
348978
22493
320364
513
82919
82640
62552
90756
51041
47782
37300
78770
213229
93867
15393
13869
87492
92871
59369
59344
319892
307932
89678
165229
67559
17784
17538
59575
139470
89753
90375
74131
93167
343863
46997
42677
51032
77748
95021
74750
67549
20570
89359
59283
6848
128094
90012
89676
86237
310018
316500
79517
64354
63133
87182
89686
58234
58112
87369
50551
370323
91763
81254
89402
94680
74324
68641
60190
88862
56749
94194
312910
87459
90551
89941
76423
74439
89982
65352
64274
79523
79263
35452
22428
93948
58027
9695
53027
319036
2856
86113
92862
49807
356849
143657
310980
353665
48292
344453
36671
329437
87575
75005
70327
68982
66734
64191
63806
328600
313799
60850
94877
48478
339390
309629
87100
70314
62153
59946
58400
326356
76849
71536
25363
92863
56962
55183
88863
89791
78245
308280
96943
329983
67538
64888
64641
90259
60893
147874
56318
336130
141610
59159
45408
84269
92078
78681
95238
31109
23471
22754
21337
269106
49658
87204
91333
298275
12518
7812
52152
49140
90497
197111
329104
78815
215470
308860
55887
359064
358511
51515
360493
310124
71339
313308
59945
57111
56849
156883
87416
92336
82773
309099
71628
328412
313076
71338
336112
54622
50990
312742
224614
77026
30795
71345
64650
64561
64096
61026
60692
308662
50744
94459
86159
317999
310768
95061
13984
58229
328803
315659
85388
84463
74128
92519
58495
58359
208396
334976
49622
77099
321373
71233
287825
57295
55222
89303
84247
78359
31230
90350
68360
171858
63001
91473
16081
90982
60182
88820
88895
75094
193966
62244
90557
318839
312196
116300
81094
79242
78209
93682
350579
25875
69471
79522
60523
14276
308899
89342
58869
92439
57978
12248
7498
137922
141491
5744
51029
5318
87449
324848
317854
314275
59023
258821
56653
48187
31246
71415
67471
64197
13048
90987
83452
91347
83128
315774
321330
367402
75065
150982
52216
96271
50095
91350
34103
66603
63310
87262
59730
13635
279128
47482
76652
94290
356680
69510
363958
95023
83072
313288
329779
206458
60428
53182
339746
204666
49337
87538
85784
86773
91910
25303
308153
55651
55620
55589
52598
51121
92889
50565
333844
339281
63652
57392
318414
187419
77963
77224
32539
26015
71231
22424
223906
313468
62512
60482
58828
58235
58057
57794
56479
91089
271552
329135
90425
2879
850
83479
